33083 68181818 6.907755278982137
      0       0       0                      0.E-1      -1.124918750937515E+0      -7.499749993750001E-1                     -1.E+0
    120     140     120       2.817670703928026E-2      -5.119396890887791E-1      -3.900306513523523E-1      -9.301148541090442E-1
    140     120     120     8.987566872679108E+303    -8.987566872677861E+303    -1.797513374536845E+308    -1.797693134862315E+308
   3450       1       1                      0.E-1      -1.124918750937515E+0      -7.499749993750001E-1                     -1.E+0
   2100       0       0     8.987566872679108E+303    -8.987566872679108E+303    -1.797513374536845E+308    -1.797693134862315E+308
....
    320       0       0                      0.E-1                      0.E-1                      0.E-1                      0.E-1
   8990       0       0                      1.E+0                      1.E+0                    1.E+309                    1.E+309
   6160       1       2                      3.E+0                      2.E+0                      3.E+0    -1.797693134862315E+308
      0       3       2                      0.E-1      -1.124918750937515E+0      -7.499749993750001E-1                     -1.E+0
..........
    930       3       2       1.164400796790439E+0       1.164400796790439E+0       1.164400796790439E+0       1.164400796790439E+0
Loops: 10 Duration: 108026msec
FORTH Converted Double Precision Whetstones: 9.257030714827912 KIPS

OK>