36766 68181818 6.907755278982137
      0       0       0                      0.E-1      -1.124918750937515E+0      -7.499749993750001E-1                     -1.E+0
    120     140     120      -6.829467494512612E-2      -4.626615865715412E-1      -7.295523290556906E-1      -1.123884466504184E+0
    140     120     120     8.987566872679108E+303    -8.987566872679108E+303    -1.797513374536845E+308    -1.797693134862315E+308
   3450       1       1                      0.E-1      -1.124918750937515E+0      -7.499749993750001E-1                     -1.E+0
   2100       0       0     8.987566872679108E+303    -8.987566872679108E+303    -1.797513374536845E+308    -1.797693134862315E+308
....
    320       0       0                      0.E-1                      0.E-1                      0.E-1                      0.E-1
   8990       0       0                      1.E+0                      1.E+0                    1.E+309                    1.E+309
   6160       1       2                      3.E+0                      2.E+0                      3.E+0    -1.797693134862853E+308
      0       3       2                      0.E-1      -1.124918750937515E+0      -7.499749993750001E-1                     -1.E+0
..........
    930       3       2                   -1.E+309                   -1.E+309                   -1.E+309                   -1.E+309
Loops: 10 Duration: 125021msec
FORTH Converted Double Precision Whetstones: 7.998656225754074 KIPS

OK>