114893 80000000 6.907755278982137
      0       0       0                      0.E-1      -1.124918750937515E+0      -7.499749993750001E-1                     -1.E+0
    120     140     120      -6.834219862995418E-2      -4.626376562635711E-1      -7.297183878436933E-1       -1.12397907004613E+0
    140     120     120     8.987566872679108E+303    -8.987566872679108E+303    -1.797513374536845E+308    -1.797693134862315E+308
   3450       1       1                      0.E-1      -1.124918750937515E+0      -7.499749993750001E-1                     -1.E+0
   2100 -1502096379       0     8.987566872679108E+303    -8.987566872679108E+303    -1.797513374536845E+308    -1.797693134862315E+308
....
    320 -1502096379       0                      0.E-1                      0.E-1                      0.E-1                      0.E-1
   8990 -1502096379       0                      1.E+0                      1.E+0                    1.E+309                    1.E+309
   6160       1       2                      3.E+0                      2.E+0                      3.E+0    -1.797693134862315E+308
      0       3       2                      0.E-1      -1.124918750937515E+0      -7.499749993750001E-1                     -1.E+0
..........
    930       3       2       6.258856951605421E+8       6.258856951605421E+8       6.258856951605421E+8       6.258856951605421E+8
Loops: 10 Duration: 82471msec
FORTH Converted Double Precision Whetstones: 12.12547440918626 KIPS

OK>